1000
987385 181083
32040.3 127426
691838 981426
731425 261487
63167.8 209523
521523 507615
188479 488474
838450 787635
758762 365073
946055 914347
799797 257141
14492.3 632973
711363 412677
184416 610483
674613 486947
693665 554418
146708 870453
471152 339274
475962 749832
279454 551317
934529 743501
640054 194374
674923 291993
254716 764414
523504 608492
296037 366079
482216 365784
740282 944486
926814 506830
133943 23355
81666.4 854282
771442 965656
375003 34163.4
103695 269060
781802 499955
214486 327234
568669 633987
932108 111845
347573 722197
645561 996400
670031 560477
82472.5 740221
267612 870375
995115 641967
762637 873508
920754 698813
880571 233337
370262 119540
34755.8 381633
995152 776198
273127 806211
21941.3 683085
572127 965920
469293 292587
716071 260085
589972 195657
347863 146353
412121 917484
336416 813957
658321 76041.5
961938 482841
521509 453781
130924 437852
390882 908261
919714 30010.1
781580 300762
568012 78706.6
677636 105143
871426 187037
313153 341469
361452 2043.96
774879 500328
236347 491605
951096 412559
806066 72460.3
562954 856451
41664 410330
97984.9 393862
962726 952400
846410 78522
219039 344375
161952 321156
72582.8 52007.3
90788.7 656451
134989 676684
104417 116062
869516 876374
925497 431268
184895 503770
346448 328911
759796 463221
265334 870451
17043.8 300626
306019 320262
411954 216505
572526 775349
1538.81 277356
348843 49059.5
796155 155331
889826 555416
626520 885843
634958 240818
630647 36581.5
601948 99294.8
940282 832305
317512 135818
626511 307785
487511 929120
748410 583243
156042 239834
179387 399588
822758 330593
646420 214420
92871.6 527792
502992 100137
678095 883429
246389 647053
579164 18544.2
108063 387905
665032 677363
516229 536221
729170 194225
783997 249929
771146 36394
232962 281165
520445 208308
518563 377428
949836 109717
612926 717923
812034 577652
586971 451623
708258 207242
401604 639048
484019 670332
619106 53346
121955 36534
105835 692162
833781 854342
359978 479074
607639 872494
262378 714133
905313 140236
256235 208184
160325 891473
407347 468816
994819 118600
490482 418893
353478 464319
360613 278406
109128 885304
554274 312597
247870 532282
647961 884809
636589 816262
317141 401156
408739 651184
441116 924719
41386.9 24604.9
470366 567178
451273 147962
98381.3 138527
941121 436311
158642 61237.7
827663 612041
32025.7 923097
70504.9 89822.6
775920 54844.2
389987 846660
834931 164098
179611 973290
343644 291403
82203.3 215006
646590 791996
483962 217062
258620 916325
248623 862768
169591 15542.9
240386 735817
289064 781690
71490.3 647712
91722 30248.9
504871 934159
552907 970548
772057 845019
194594 950463
179189 897503
168279 794478
623443 257995
889078 981554
655748 673868
256574 959850
706399 430198
233295 845401
975512 795734
392038 901161
251573 636731
713504 608189
503515 333374
812697 551777
784212 402204
103076 25447.9
990010 235748
616885 947682
336982 384519
800802 770855
109426 601486
40237.5 296607
262719 434277
260633 121398
591507 337771
57020.2 601056
793566 106069
467041 11356.7
454938 453082
852380 37273.3
811011 995555
750055 277727
708441 789318
274764 194955
287470 426312
6987.98 34906.3
244803 56097.9
865538 32727.7
591278 734884
311436 959723
790864 777072
583934 544563
123483 185891
379469 6469.86
227457 494247
39871.2 116346
90931.7 51574.9
737662 737222
989497 996511
486384 184717
537716 771620
21556.4 72619.4
204990 609023
201867 881210
960057 444094
218993 589795
524413 7881.29
761730 156647
471304 839873
832747 728593
797792 105451
922788 712280
375596 994394
756529 413817
336163 608384
65252.7 401362
726002 585910
781809 388467
999783 948740
128706 701160
372317 753051
437131 508259
422451 55967.3
924231 434054
383843 715410
885396 946855
463376 714222
69991.6 841484
590070 765037
399093 984880
748095 376040
60736.5 502354
736481 406878
103748 413112
484895 304398
416498 112405
757942 156175
61044.1 802069
910244 907113
338325 584145
85385.7 763794
153673 172667
403344 886312
997171 476696
657655 705856
978353 321878
363411 327169
685098 180009
406922 940959
900355 136940
58367.3 603751
596183 754739
80043.7 873240
45941 32943.9
130793 332513
634987 284273
601215 797871
686718 782820
512236 868762
561683 73945.2
735935 722234
109786 254835
147182 714410
432718 820842
76568.4 969682
982004 231257
688594 622359
998735 168724
893620 83677
465666 231662
331654 741480
818912 836372
181083 507205
955024 581460
121596 392576
260989 698689
837721 706313
535692 32682
960159 820717
281247 538998
456810 398570
785387 337466
185852 970156
196564 724490
284691 233950
661177 54789.1
36182.1 617755
778413 806172
628146 22789.9
474190 709557
10018.5 690234
434656 233102
824783 723154
975984 21829
478945 462013
830271 832709
907310 851521
17577.5 235811
606501 6205.82
151879 808510
737703 34194.7
830954 300909
960925 829647
247606 269616
522950 90790.8
747693 322259
908978 829128
582067 268924
554047 686223
132132 842736
918697 893084
164603 649184
801423 977288
820412 617552
649169 980353
40945.2 865684
115924 473488
481032 669481
71934.6 156213
555303 991106
787968 940425
498142 994999
585721 491340
412596 281475
668391 366804
230336 119464
994502 79573.7
932097 414002
73574.7 583996
991493 130863
950874 972150
391322 818894
28435.4 344271
249390 200177
1053.31 443385
533989 897279
633503 415548
276080 143240
55892.5 689000
83911.3 900319
329711 153968
289655 193813
398668 700880
198731 509378
914381 200966
320888 984093
599867 292702
46311.1 696958
892248 439851
398764 21816.7
423704 186342
716529 318801
10036.2 61048.3
622805 803431
50967.8 609600
618992 127836
858150 895119
885151 32977.2
579350 718074
371979 700113
187578 761239
125849 446793
60245.9 564406
657277 102454
207315 6338.85
757417 682592
231247 950926
252124 603123
526650 385068
270142 662126
732064 471448
384695 237130
246210 907790
344577 551761
353809 666985
193029 652431
972364 300716
55573.7 693830
704729 566540
693294 86387.4
299514 447418
136249 136058
588533 81377.9
307560 359545
316824 452156
844636 891713
272359 476507
790806 476187
107842 372654
213659 364454
651181 586200
368356 90695
16128.3 832534
923602 924003
806136 9696.44
274296 978226
38180.7 842584
167006 505018
455488 221818
518457 764858
986983 323366
679741 458303
597248 359037
451795 265960
961122 848124
36758.6 128865
716025 811051
260.164 301520
958071 168660
711273 382177
996897 704807
511389 549005
184607 548074
914794 456727
311342 173988
273779 406930
802311 162817
43368.3 198690
377527 171911
976007 340111
710424 941773
229266 245800
850379 588760
962521 269270
296874 920166
154457 210909
425071 804815
147673 962546
968296 8602.1
192185 781206
800627 878319
687956 491680
213361 679469
490707 998720
833591 729091
861112 972887
648156 206074
634059 241272
365579 889514
852337 724261
645254 63322.6
562000 90074.1
188424 454692
252298 267493
992980 973142
23172.3 989680
384587 427755
264784 363268
168996 544806
219678 78304.6
395986 527223
148586 265877
322050 924619
231936 504357
990265 453365
167933 940629
1634.06 839659
882827 829700
784746 654311
829815 749032
876661 479258
774194 870926
668163 811680
476990 567045
578490 586641
230153 244452
437712 81157
735609 102812
302556 704259
561338 398014
121649 71587.7
588902 837619
463094 613000
335607 717682
377690 201709
531819 35560.8
393167 934285
325335 957731
421859 29732.5
583280 990798
416740 6232.04
3928.73 620797
185801 79402.7
958992 839316
892119 507106
947958 934808
775639 220383
287749 288999
105896 77520.6
682908 126830
879121 50850
958115 931762
543806 831473
381588 355046
40972.8 738138
68759.4 505311
101442 336389
121078 554273
392832 699752
403321 735912
191810 398521
455272 470043
460533 886104
969742 421678
356923 658477
173420 920727
389229 504536
11320.3 552825
65573.9 983489
770488 927542
924976 554529
205742 411553
832068 118040
223532 996320
222574 264005
57502.8 372477
194844 391174
838031 961845
460239 616181
656849 53661.7
566661 342187
418452 126487
467792 42421.9
238671 546649
308574 382503
764406 554539
111286 390294
427041 152083
574657 2395.43
110822 726464
315585 831151
867234 923834
635756 656916
744277 980162
403524 670729
127557 127443
59133.4 774662
201744 562995
802755 859181
244625 987948
658995 990895
134965 84165
712922 244553
507503 867857
933927 86878.9
628142 629130
880833 938786
504793 598682
242730 860095
708448 391741
893494 326859
4624.74 140412
232364 718938
780132 123071
367724 311876
619241 972504
793031 550205
643878 910033
61727.3 449845
522963 227219
233716 41068.4
292030 87715.7
541257 297021
444536 51510.7
269282 176190
286936 276164
516137 617007
727878 547635
894173 812998
936624 648004
296685 142799
109073 6020.92
396429 226951
456622 806120
136441 57351.4
34218.2 967337
803679 465388
269913 242780
136827 744904
10138.9 484827
841474 468605
778776 948132
184801 371303
881882 35804
40223 455389
752524 257292
477742 480923
670146 202381
752550 511222
797048 804588
381980 219876
994096 160288
630454 196571
518720 987178
640462 824798
592593 804840
120920 810223
72381.6 874597
37262.2 504439
743187 993531
624140 935797
647856 804644
579025 50344.9
41790.5 501646
748651 627880
286247 334184
921200 453346
269037 992470
720432 16143.7
317315 306037
402286 232917
428305 47729.2
615124 363101
637992 225010
704384 790585
70767.8 193419
255591 611926
224376 294676
576464 957964
751211 877364
144490 608541
840825 389521
74523.9 472038
393288 801311
834939 248716
134910 354091
103701 96872.9
346501 689257
367650 162712
318331 826686
666777 343805
865478 238960
826045 773387
782364 420885
440996 74124.2
312303 261652
638592 769544
95851.5 580.665
465895 935713
864005 79739.9
465777 214222
536828 533859
685403 29211.7
787171 635843
855372 892195
44140.4 734710
362555 387086
965021 204391
826018 171711
759426 433387
307760 921034
647781 933802
817747 261162
432393 928356
193935 162995
228178 738429
669187 343311
158677 682766
940684 880506
394444 666888
739282 834645
943271 612754
349422 33265.2
729.407 938618
447190 205313
611265 714496
122099 518679
16353.7 283206
389956 277061
161090 313541
35708.8 805291
962465 92132.2
56235.3 490842
971396 600663
998800 133203
356248 949696
372255 221135
37611.8 593972
585625 868024
479527 667384
500896 567256
565374 551675
278314 382718
785509 672877
678669 535619
640974 761398
270590 184381
472820 671203
132412 439435
270584 184441
427342 16766
105699 948359
990160 233834
380537 141557
196539 48700.3
805716 955893
51896.1 213011
483868 849492
588726 550426
851382 470360
244265 366674
473699 76178.4
181789 225460
550828 666414
62220.9 235580
259410 78972.1
738303 388358
72495.2 573276
868492 963260
751895 440159
544302 663546
741055 557689
138549 147413
176496 97957.5
148321 597712
928402 646961
437677 686854
984696 26275.2
267820 924791
116330 440173
864792 67992
953040 638487
600738 164131
904906 962871
335508 954711
550433 120018
586429 132403
158817 5986.8
126986 734536
968054 10932.1
334359 196277
360379 542512
104798 851294
645876 549261
176864 586950
926555 159632
611029 610312
109936 860456
555977 114575
75680.7 437679
407381 844490
573985 138545
769581 155521
837680 622800
826108 677661
934732 108799
913895 160476
863229 920873
568099 874189
126857 4283.53
383781 439129
920180 350442
154634 969340
312435 433593
75430.9 481848
845499 268834
148462 885698
631320 96418.1
484920 703494
143251 196841
332579 261490
658923 576084
270533 16389.3
866989 823147
860413 621347
467824 849254
618649 218181
97985.9 764218
562727 602794
76403.3 742740
628154 81220.7
472036 593754
917135 161643
487609 515750
759842 739430
966199 639984
985283 788763
457222 552381
937356 276400
287300 521630
52232.3 195637
701867 506087
281701 694093
172068 802787
553480 383396
698160 526590
842789 511561
954280 989021
60282.7 637620
252132 251055
631465 835490
703298 345869
243927 39255.1
603798 81084.2
686358 522148
983821 861520
572181 597083
857818 420383
635555 680554
832975 209968
715212 306405
66824.6 922640
903732 836014
370946 119794
772400 641951
405546 920870
657730 735533
23511.6 717810
9171.95 431181
632922 144934
859656 322110
788752 862135
76253.1 970045
709415 734199
695656 83660.4
595158 719586
841892 8308.69
374646 831712
323320 813879
933093 998082
250934 737966
97088 473852
640187 228775
746029 450521
753480 956403
830150 526989
805497 580000
233815 810069
325789 657570
202518 59761.6
412485 356649
726399 43679
731090 50374
471676 313038
627520 337750
753946 144799
71283.8 505737
99348 258757
680810 724646
78582.6 295783
429266 663283
766748 467953
309344 382205
514757 681862
359560 711758
552041 239467
574556 282029
581181 408089
425941 608846
42737.5 473213
944066 615940
358132 541744
184133 549665
100367 986710
633914 714113
6688.32 215537
55726.9 246318
248159 957991
487243 14592.5
27686 930466
906931 517689
543646 687544
42291.2 107922
681723 116028
805978 228171
504675 549655
931096 51020.3
313049 866504
730397 202955
931904 639604
381520 152716
41180.6 692341
263884 265902
930623 239453
44832.5 308634
421390 454680
198252 329319
593437 936096
669315 739981
644372 109572
12685.9 639928
640236 742999
11996.3 324105
29398.1 305720
890214 949106
524945 45620
612096 69403.4
270931 208832
118526 252875
20326.4 160811
205361 519915
669695 937327
774414 760662
108590 557788
992187 273194
3538.93 245414
948140 266220
573692 115.02
339862 621568
525851 918741
774692 141492
890871 453959
882558 370123
138285 368277
250438 994248
690349 331846
928962 52888.2
183261 25451.7
456189 400892
353120 883272
326187 190735
518510 734367
221110 683805
798780 863779
759439 100650
454719 479865
516851 753594
784068 413206
670983 206570
416070 813098
787397 560509
180309 556554
728353 518978
320378 837986
604754 258800
862637 869854
23301.4 608453
659798 163948
88431.5 798339
797229 814677
174868 165916
145360 841928
543675 131255
788948 646295
126398 556859
956114 942578
674912 464872
674504 697533
484234 10037
687173 121395
102500 853100
493192 877041
856015 120574
196293 586804
653177 138400
946030 872301
834221 379452
41760 90050.1
207170 126832
113235 28672.8
131702 560397
17107.8 274516
486235 698097
925017 596778
582600 908519
34473.6 724225
95112.9 313405
243726 437990
815809 389327
823222 926045
833926 769361
613829 867414
471185 757631
792108 343545
887465 796286
